358
187
205
258
142
109
61
127
67
79
10
27
277
302
274
174
145
246
81
25
12
153
65
240
191
33
189
182
137
203
73
307
306
351
304
4
44
207
286
208
63
328
24
68
22
155
97
297
197
339
342
13
121
120
156
30
333
80
0
119
267
212
249
76
1
69
298
198
37
326
334
92
275
60
200
283
347
83
220
46
242
262
332
210
356
195
266
151
143
72
115
149
91
88
58
261
330
50
164
218
278
53
221
188
237
355
105
222
316
224
252
335
268
126
202
254
160
317
122
303
301
324
272
157
103
140
110
102
226
239
305
40
167
2
100
357
96
134
82
253
225
294
341
62
144
123
178
320
223
236
323
336
269
51
19
118
290
232
135
21
154
124
78
5
350
241
238
192
250
215
308
209
162
133
337
130
349
216
217
201
168
35
42
248
179
173
111
331
77
18
170
255
265
300
264
138
113
147
227
315
245
163
56
23
185
129
75
243
117
48
43
38
228
71
89
276
204
344
291
139
106
181
148
263
282
281
296
141
128
11
199
54
57
186
346
85
84
32
31
229
309
273
70
311
270
260
95
34
9
325
165
312
101
158
108
259
319
257
136
295
193
17
285
231
171
16
234
244
99
190
271
116
66
14
166
49
353
313
233
98
114
322
112
28
213
93
280
52
104
345
94
219
196
39
175
172
352
64
41
354
314
45
7
6
15
284
327
26
343
287
235
293
161
152
214
86
47
321
329
55
169
348
292
194
131
340
206
230
8
247
59
125
176
74
183
184
146
132
20
211
279
338
251
256
318
180
107
289
90
87
288
36
29
159
3
310
177
150
299
187