171
76
74
75
11
12
49
170
73
77
78
72
50
58
57
62
61
68
69
85
86
93
166
107
106
95
94
96
165
163
99
100
102
103
115
104
105
97
90
89
88
153
84
66
63
64
65
56
42
41
155
34
29
22
23
15
159
13
20
37
38
39
52
53
43
55
54
44
45
40
35
157
33
31
30
28
27
26
24
25
150
160
151
8
2
1
5
133
169
110
108
83
71
168
82
79
80
81
109
114
113
164
127
116
117
118
119
124
129
146
145
144
143
147
148
149
161
152
142
6
7
14
18
19
16
17
21
32
158
36
156
46
47
48
51
59
60
67
167
70
87
92
91
154
98
101
162
123
122
121
120
137
136
128
130
131
132
0
111
112
126
125
135
138
139
140
141
134
3
4
9
10
76