358
311
253
89
230
26
343
313
72
193
48
74
64
161
152
55
237
355
105
49
5
298
198
134
59
125
335
268
235
11
284
67
290
222
316
224
220
308
209
77
18
170
61
155
151
143
163
145
15
81
115
111
299
41
330
257
90
305
262
332
207
158
149
226
228
327
103
254
160
32
31
157
50
352
112
248
178
320
270
85
71
251
264
341
280
93
2
100
124
197
159
121
256
318
210
184
116
186
346
310
66
14
166
17
120
174
56
247
258
286
208
13
3
259
206
191
147
263
27
130
349
331
140
110
255
260
79
217
201
240
295
289
92
275
276
204
189
354
16
10
153
65
334
187
205
40
154
353
287
221
188
102
300
144
123
357
53
76
1
21
87
288
4
44
156
30
261
242
179
173
265
91
36
29
344
83
190
271
183
176
337
180
47
319
326
325
350
279
250
38
70
84
33
278
24
35
42
113
269
283
118
245
232
135
211
272
122
303
281
46
356
101
266
43
215
338
273
252
108
214
236
45
7
246
6
25
12
231
171
168
34
9
138
60
321
329
95
117
249
234
267
199
54
57
229
309
96
80
0
345
94
169
348
292
194
131
312
216
167
8
23
75
119
244
97
22
225
294
58
243
339
342
282
200
126
293
227
315
146
175
307
306
351
304
239
69
39
177
150
141
88
162
133
164
218
219
196
181
20
148
86
165
107
172
340
301
324
241
238
192
182
137
233
78
63
37
28
314
127
98
82
223
139
106
323
302
274
203
73
62
142
109
213
128
202
285
68
322
296
195
132
114
333
129
185
212
347
291
52
104
297
99
51
19
328
277
336
317
136
311