171
104
114
113
164
127
126
125
130
135
134
6
152
8
4
9
10
76
74
75
11
12
13
18
19
20
158
32
40
38
168
79
81
0
3
5
169
111
80
78
82
72
67
69
66
63
64
65
56
57
62
61
68
167
87
154
89
90
91
88
153
86
94
70
85
93
92
108
166
83
84
71
50
49
73
170
77
2
1
112
132
133
115
116
117
118
119
124
129
146
145
144
143
147
137
136
138
139
140
141
7
14
15
159
21
22
16
17
29
30
23
26
27
31
33
156
36
37
39
34
155
41
42
45
44
46
47
48
51
52
53
43
55
54
58
59
60
35
157
28
24
25
161
160
150
151
142
149
148
128
131
110
109
107
106
105
101
100
120
122
121
123
162
102
103
163
99
98
95
96
97
165
104