358
355
105
234
267
54
185
212
249
186
346
55
222
328
53
283
347
83
240
182
323
351
99
169
348
292
37
326
24
142
109
256
318
241
206
191
276
295
193
92
275
204
311
116
175
307
207
126
293
286
208
13
121
120
45
8
327
30
333
217
201
139
106
181
20
107
289
36
29
319
243
233
78
87
291
52
322
344
288
155
171
273
194
131
352
245
41
354
334
134
82
253
220
46
321
260
310
266
43
215
338
96
263
282
281
340
238
33
170
48
28
16
156
60
189
192
2
50
271
270
356
216
157
145
284
15
56
247
153
65
168
130
111
331
255
265
137
225
11
81
330
257
86
47
337
226
254
160
84
32
31
229
309
61
178
184
290
264
341
62
80
0
314
76
1
227
315
214
174
25
38
228
308
75
57
135
69
239
21
298
26
343
287
162
133
150
299
161
152
259
329
64
167
7
188
236
39
118
146
179
173
301
324
210
176
296
195
177
112
248
219
196
313
4
44
300
158
149
258
89
342
285
140
110
197
17
122
303
200
72
172
250
12
163
6
246
73
280
34
9
51
19
350
279
71
251
66
14
339
312
101
88
58
261
242
40
159
3
108
95
187
205
306
302
274
232
154
22
114
5
97
297
304
128
294
136
85
317
231
148
166
70
23
151
143
190
278
213
59
125
138
113
268
221
244
357
325
211
262
332
91
93
345
94
49
63
98
316
224
90
305
272
77
42
198
203
74
183
320
223
119
199
209
117
127
67
79
144
123
102
180
165
164
218
230
103
132
104
115
129
100
68
124
353
252
335
269
35
18
349
141
10
27
277
336
147
235
202
237
355